3.842443181154072818e+01
2.198556126185528259e-01
4.932334127298423909e-02
1.992729884465429743e-02
1.037766615505345165e-02
6.231109610688951965e-03
4.098705043571290903e-03
2.872774541385056824e-03
2.109896084230169274e-03
1.606196713523785034e-03
1.257962398428006572e-03
1.008186641249974669e-03
8.235574092000834748e-04
6.836166022619007869e-04
5.752718354332549393e-04
4.898485580743088550e-04
4.214262998519175741e-04
3.658593187959554628e-04
3.201788563170865853e-04
2.822166236615349685e-04
2.503609815538452373e-04
2.233951285095522681e-04
2.003873390423668041e-04
1.806150320385225422e-04
1.635113025028071463e-04
1.486266603559670751e-04
1.356012465369970668e-04
1.241443845193037905e-04
1.140193436512595152e-04
1.050318559824110960e-04
9.702137030191271413e-05
8.985432551999272637e-05
8.341892990006693489e-05
7.762107452622164110e-05
7.238110912428276779e-05
6.763127928839138107e-05
6.331367517061331485e-05
5.937857874543315531e-05
5.578312394068820880e-05
5.249020404469460684e-05
4.946757581850300611e-05
4.668712104565554992e-05
4.412423482400272431e-05
4.175731645223892507e-05
3.956734380022332558e-05
3.753751595120159311e-05
3.565295194137157883e-05
3.390043580231328100e-05
3.226819998739161353e-05
3.074574074924964998e-05
2.932366021892415152e-05
2.799353088420261404e-05
2.674777892637048962e-05
2.557958348959688336e-05
2.448278945618842365e-05
2.345183170741036672e-05
2.248166918201083319e-05
2.156772731751672491e-05
2.070584768428097332e-05
1.989224380826015980e-05
1.912346233284967410e-05
1.839634879861235626e-05
1.770801742707277910e-05
