1.600000000000000000e+02
1.120708405456873002e+01
1.090281550718108727e+00
3.686748974362802911e-01
1.837916971866914717e-01
1.106789005284278260e-01
7.447204533167484097e-02
5.388304330175160833e-02
4.102607667792647350e-02
3.334128394831357284e-02
2.803133203761405332e-02
2.402856967418206396e-02
2.093302432823867382e-02
1.848749013552493728e-02
1.652029369250429189e-02
1.491319665718472340e-02
1.358254885245716373e-02
1.246778085035051345e-02
1.152413740884539531e-02
1.071795245822070378e-02
1.002349658169844268e-02
9.420825135406474954e-03
8.894279195007140371e-03
8.431422017953394896e-03
8.022271936637835957e-03
7.658740710901800787e-03
7.334216655860191850e-03
7.043251333251696576e-03
6.781321356414715326e-03
6.544645371452625579e-03
6.330042047725952664e-03
6.134818881455051526e-03
5.956684386335146450e-03
5.793678202555637216e-03
5.644115055458554311e-03
5.506539507328786151e-03
5.379689185451468417e-03
5.262464715316429037e-03
5.153904994232594641e-03
5.053166745845008578e-03
4.959507527173088320e-03
4.872271536150916266e-03
4.790877703205727832e-03
4.714809655320688700e-03
4.643607222752559570e-03
4.576859222634137650e-03
4.514197304201019584e-03
4.455290680432879083e-03
4.399841602827316532e-03
4.347581461607598168e-03
4.298267414265391669e-03
4.251679462004593832e-03
4.207617907194503848e-03
4.165901135992648198e-03
4.126363679354446909e-03
4.088854513098339263e-03
4.053235563848844869e-03
4.019380392780855932e-03
3.987173033331440145e-03
3.956506962586672956e-03
3.927284189016395054e-03
3.899414441720668641e-03
3.872814448450430467e-03
