1.000000000000000056e-01
9.000000000000000222e-01
1.700000000000000178e+00
2.500000000000000444e+00
3.300000000000000266e+00
4.099999999999999645e+00
4.900000000000000355e+00
5.700000000000000178e+00
6.500000000000000000e+00
7.299999999999999822e+00
8.099999999999999645e+00
8.900000000000000355e+00
9.700000000000001066e+00
1.050000000000000000e+01
1.130000000000000071e+01
1.209999999999999964e+01
1.290000000000000036e+01
1.370000000000000107e+01
1.450000000000000000e+01
1.530000000000000071e+01
1.610000000000000142e+01
1.690000000000000213e+01
1.770000000000000284e+01
1.850000000000000355e+01
1.930000000000000426e+01
2.010000000000000142e+01
2.090000000000000213e+01
2.170000000000000284e+01
2.250000000000000355e+01
2.330000000000000426e+01
2.410000000000000142e+01
2.490000000000000213e+01
2.570000000000000284e+01
2.650000000000000355e+01
2.730000000000000426e+01
2.810000000000000142e+01
2.890000000000000213e+01
2.970000000000000284e+01
3.050000000000000355e+01
3.130000000000000426e+01
3.210000000000000142e+01
3.290000000000000568e+01
3.370000000000000284e+01
3.450000000000000000e+01
3.530000000000000426e+01
3.610000000000000142e+01
3.690000000000000568e+01
3.770000000000000284e+01
3.850000000000000711e+01
3.930000000000000426e+01
4.010000000000000142e+01
4.090000000000000568e+01
4.170000000000000284e+01
4.250000000000000711e+01
4.330000000000000426e+01
4.410000000000000142e+01
4.490000000000000568e+01
4.570000000000000284e+01
4.650000000000000711e+01
4.730000000000000426e+01
4.810000000000000142e+01
4.890000000000000568e+01
4.970000000000000284e+01
