3.842443181154072818e+01
8.750400765934173153e-01
2.198556126185528259e-01
9.264896590057367098e-02
4.932334127298423909e-02
3.001871596682840343e-02
1.992729884465429743e-02
1.405957391111511967e-02
1.037766615505345165e-02
7.931099578571763897e-03
6.231109610688951965e-03
5.006774675258810967e-03
4.098705043571290903e-03
3.408467526290397641e-03
2.872774541385056824e-03
2.449527626709645505e-03
2.109896084230169274e-03
1.833631626220366857e-03
1.606196713523785034e-03
1.416949101261331164e-03
1.257962398428006572e-03
1.123241081014303422e-03
1.008186641249974669e-03
9.092274213795570889e-04
8.235574092000834748e-04
7.489489665548480259e-04
6.836166022619007869e-04
6.261165507604745739e-04
5.752718354332549393e-04
5.301157153461959638e-04
4.898485580743088550e-04
4.538046312005317097e-04
4.214262998519175741e-04
3.922438093231399368e-04
3.658593187959554628e-04
3.419341989921101800e-04
3.201788563170865853e-04
3.003445276920944712e-04
2.822166236615349685e-04
2.656092962055143646e-04
2.503609815538452373e-04
2.363307239445360821e-04
2.233951285095522681e-04
2.114458237649853621e-04
2.003873390423668041e-04
1.901353214587431098e-04
1.806150320385225422e-04
1.717600723747632146e-04
1.635113025028071463e-04
1.558159180205794068e-04
1.486266603559670751e-04
1.419011387791450452e-04
1.356012465369970668e-04
1.296926565410461564e-04
1.241443845193037905e-04
1.189284095628593456e-04
1.140193436512595152e-04
1.093941430986789735e-04
1.050318559824110960e-04
1.009134005414536703e-04
9.702137030191271413e-05
9.333986232642841197e-05
8.985432551999272637e-05
8.655142637307838285e-05
8.341892990006693489e-05
8.044559384885002459e-05
7.762107452622164110e-05
7.493584281148219851e-05
7.238110912428276779e-05
6.994875627769587894e-05
6.763127928839138107e-05
6.542173133641977778e-05
6.331367517061331485e-05
6.130113934463512940e-05
5.937857874543315531e-05
5.754083894212407821e-05
5.578312394068820880e-05
5.410096697959476518e-05
5.249020404469460684e-05
5.094694981934009859e-05
4.946757581850300611e-05
4.804869048432882349e-05
4.668712104565554992e-05
4.537989696602159938e-05
4.412423482400272431e-05
4.291752448670901697e-05
4.175731645223892507e-05
4.064131025009349858e-05
3.956734380022332558e-05
3.853338364170566874e-05
3.753751595120159311e-05
3.657793827946239160e-05
3.565295194137157883e-05
3.476095500143013548e-05
3.390043580231328100e-05
3.306996698923212065e-05
3.226819998739161353e-05
3.149385989391432486e-05
3.074574074924964998e-05
3.002270115636153917e-05
2.932366021892415152e-05
2.864759377239423774e-05
2.799353088420261404e-05
2.736055060144385891e-05
2.674777892637048962e-05
2.615438600173541453e-05
2.557958348959688336e-05
2.502262212861936801e-05
2.448278945618842365e-05
2.395940768282135537e-05
2.345183170741036672e-05
2.295944726279254889e-05
2.248166918201083319e-05
2.201793977642063318e-05
2.156772731751672491e-05
2.113052461500997508e-05
2.070584768428097332e-05
2.029323449688249370e-05
1.989224380826015980e-05
1.950245405731532383e-05
1.912346233284967410e-05
1.875488340231155516e-05
1.839634879861235626e-05
1.804750596110039408e-05
1.770801742707277910e-05
1.737756007047427118e-05
1.705582438467907370e-05
1.674251380647839542e-05
1.643734407860508408e-05
1.614004264831895297e-05
1.585034809975298750e-05
1.556800961788377079e-05
1.529278648213969714e-05
1.502444758779919128e-05
1.476277099345925496e-05
1.450754349297288449e-05
1.425856021036328187e-05
1.401562421632395355e-05
1.377854616500727257e-05
1.354714394989098754e-05
1.332124237759223815e-05
1.310067285857327296e-05
1.288527311375205545e-05
1.267488689609503146e-05
1.246936372632895659e-05
1.226855864196384805e-05
1.207233195887065723e-05
1.188054904470497582e-05
1.169308010351263391e-05
1.150979997089446510e-05
1.133058791914605505e-05
1.115532747182425196e-05
1.098390622722580524e-05
1.081621569029457333e-05
1.065215111250319258e-05
1.049161133928208590e-05
1.033449866459425474e-05
1.018071869227806422e-05
1.003018020380243369e-05
9.882795032099639276e-06
9.738477941160408920e-06
9.597146511094129749e-06
9.458721028374177871e-06
9.323124381004125022e-06
9.190281958355865546e-06
9.060121555444393537e-06
8.932573281417417616e-06
8.807569472050223518e-06
8.685044606047743104e-06
8.564935224966870980e-06
8.447179856582063228e-06
8.331718941527049510e-06
8.218494763054493780e-06
8.107451379763849872e-06
7.998534561155804998e-06
7.891691725879100474e-06
7.786871882542676436e-06
7.684025572972809343e-06
7.583104817801046130e-06
7.484063064274873950e-06
7.386855136188463398e-06
7.291437185836217900e-06
7.197766647896822144e-06
7.105802195160071681e-06
7.015503696013384670e-06
6.926832173608871035e-06
6.839749766635935638e-06
6.754219691628111376e-06
6.670206206736226597e-06
6.587674576903547558e-06
6.506591040381496220e-06
6.426922776527662422e-06
6.348637874830622148e-06
6.271705305108703653e-06
6.196094888832442746e-06
6.121777271522841902e-06
6.048723896179781545e-06
5.976906977697182345e-06
5.906299478223441051e-06
5.836875083427700290e-06
5.768608179634304271e-06
5.701473831789511793e-06
5.635447762226269297e-06
5.570506330194321380e-06
5.506626512124487125e-06
5.443785882597375606e-06
5.381962595988028611e-06
5.321135368759449046e-06
5.261283462378995011e-06
5.202386666832904506e-06
5.144425284715299903e-06
5.087380115868958142e-06
5.031232442556304927e-06
4.975964015139861123e-06
4.921557038252382607e-06
4.867994157437772569e-06
4.815258446244594860e-06
4.763333393754912288e-06
4.712202892531786208e-06
4.661851226969575843e-06
4.612263062031819559e-06
4.563423432362077453e-06
4.515317731753820191e-06
4.467931702965919149e-06
4.421251427870946814e-06
4.375263317923987670e-06
4.329954104940123141e-06
4.285310832169351304e-06
4.241320845658028204e-06
4.197971785886457156e-06
4.155251579672649674e-06
4.113148432332644223e-06
4.071650820088219564e-06
4.030747482713143597e-06
3.990427416409494136e-06
3.950679866905919260e-06
3.911494322769980156e-06
3.872860508927110709e-06
3.834768380378935620e-06
3.797208116114012800e-06
3.760170113204365247e-06
3.723644981081341659e-06
3.687623535984677490e-06
3.652096795578816219e-06
3.617055973730772508e-06
3.582492475444095058e-06
3.548397891943593707e-06
3.514763995905804905e-06
3.481582736830275986e-06
3.448846236546966788e-06
