1.600000000000000000e+02
1.600000000000000000e+02
1.120708405456873002e+01
2.602578174469021732e+00
1.090281550718108727e+00
5.901802719665477648e-01
3.686748974362802911e-01
2.522643305856901441e-01
1.837916971866914717e-01
1.401705611147514852e-01
1.106789005284278260e-01
8.980176676294650273e-02
7.447204533167484097e-02
6.287530549752684550e-02
5.388304330175160833e-02
4.676366970691214764e-02
4.102607667792647350e-02
3.667521895602379040e-02
3.334128394831357284e-02
3.048991547411453867e-02
2.803133203761405332e-02
2.589582165216285092e-02
2.402856967418206396e-02
2.238598137803322896e-02
2.093302432823867382e-02
1.964127910382031106e-02
1.848749013552493728e-02
1.745247493529184998e-02
1.652029369250429189e-02
1.567761041836424410e-02
1.491319665718472340e-02
1.421754245762031979e-02
1.358254885245716373e-02
1.300128285838710387e-02
1.246778085035051345e-02
1.197688967191985407e-02
1.152413740884539531e-02
1.110562764817383738e-02
1.071795245822070378e-02
1.035812038697494879e-02
1.002349658169844268e-02
9.711752747455835652e-03
9.420825135406474954e-03
9.148879118137729152e-03
8.894279195007140371e-03
8.655563494564434343e-03
8.431422017953394896e-03
8.220678007502387960e-03
8.022271936637835957e-03
7.835247706994900169e-03
7.658740710901800787e-03
7.491967475939188652e-03
7.334216655860191850e-03
7.184841171011386446e-03
7.043251333251696576e-03
6.908908816588300514e-03
6.781321356414715326e-03
6.660038078202912964e-03
6.544645371452625579e-03
6.434763237185047238e-03
6.330042047725952664e-03
6.230159666311238693e-03
6.134818881455051526e-03
6.043745117282259965e-03
5.956684386335146450e-03
5.873401455876323118e-03
5.793678202555637216e-03
5.717312133594823140e-03
5.644115055458554311e-03
5.573911873397448952e-03
5.506539507328786151e-03
5.441845911315038031e-03
5.379689185451468417e-03
5.319936770317907487e-03
5.262464715316429037e-03
5.207157013231362638e-03
5.153904994232594641e-03
5.102606773315307605e-03
5.053166745845008578e-03
5.005495126468721342e-03
4.959507527173088320e-03
4.915124570727232717e-03
4.872271536150916266e-03
4.830878033203825361e-03
4.790877703205727832e-03
4.752207943775181749e-03
4.714809655320688700e-03
4.678627007336869266e-03
4.643607222752559570e-03
4.609700378750698768e-03
4.576859222634137650e-03
4.545039001449096769e-03
4.514197304201019584e-03
4.484293915607662911e-03
4.455290680432879083e-03
4.427151377533012494e-03
4.399841602827316532e-03
4.373328660475220633e-03
4.347581461607598168e-03
4.322570430017162041e-03
4.298267414265391669e-03
4.274645605710617607e-03
4.251679462004593832e-03
4.229344635643522525e-03
4.207617907194503848e-03
4.186477122850118179e-03
4.165901135992648198e-03
4.145869752475667656e-03
4.126363679354446909e-03
4.107364476818386491e-03
4.088854513098339263e-03
4.070816922139739238e-03
4.053235563848844869e-03
4.036094986734414282e-03
4.019380392780855932e-03
4.003077604401411582e-03
3.987173033331440145e-03
3.971653651332387666e-03
3.956506962586672956e-03
3.941720977672581901e-03
3.927284189016395054e-03
3.913185547726442774e-03
3.899414441720668641e-03
3.885960675065596240e-03
3.872814448450430467e-03
3.859966340725394345e-03
3.847407291438348885e-03
3.835128584308325397e-03
3.823121831578810657e-03
3.811378959197532848e-03
3.799892192773096991e-03
3.788654044262164487e-03
3.777657299343946569e-03
3.766895005441655078e-03
3.756360460353203728e-03
3.746047201455905522e-03
3.735948995452203093e-03
3.726059828625584262e-03
3.716373897577802260e-03
3.706885600420350632e-03
3.697589528394848099e-03
3.688480457898566777e-03
3.679553342892812572e-03
3.670803307673242612e-03
3.662225639982480928e-03
3.653815784446587476e-03
3.645569336318045875e-03
3.637482035508983382e-03
3.629549760899291634e-03
3.621768524905236500e-03
3.614134468294981101e-03
3.606643855238250967e-03
3.599293068578093661e-03
3.592078605313395179e-03
3.584997072281453749e-03
3.578045182030524518e-03
3.571219748872818400e-03
3.564517685108964905e-03
3.557935997415468277e-03
3.551471783387130828e-03
3.545122228226881347e-03
3.538884601575850719e-03
3.532756254476920182e-03
3.526734616465351108e-03
3.520817192780433414e-03
3.515001561692414171e-03
3.509285371939286670e-03
3.503666340268289138e-03
3.498142249077243297e-03
3.492710944151115795e-03
3.487370332489414092e-03
3.482118380220277330e-03
3.476953110597309164e-03
3.471872602075414677e-03
3.466874986462101238e-03
3.461958447140854947e-03
3.457121217363402516e-03
3.452361578607811982e-03
3.447677858999537420e-03
3.443068431792659003e-03
3.438531713908705902e-03
3.434066164530568798e-03
3.429670283749138883e-03
3.425342611260416472e-03
3.421081725110949445e-03
3.416886240489551939e-03
3.412754808563359544e-03
3.408686115356370037e-03
3.404678880668695045e-03
3.400731857034845589e-03
3.396843828719436909e-03
3.393013610748786893e-03
3.389240047976940524e-03
3.385522014184728229e-03
3.381858411210525873e-03
3.378248168111441796e-03
3.374690240353718333e-03
3.371183609031191616e-03
3.367727280110693368e-03
3.364320283703339104e-03
3.360961673360695311e-03
3.357650525394844602e-03
3.354385938221439434e-03
3.351167031724844054e-03
3.347992946644523776e-03
3.344862843981874501e-03
3.341775904426707092e-03
3.338731327802651506e-03
3.335728332530763385e-03
3.332766155110657852e-03
3.329844049618510462e-03
3.326961287221303840e-03
3.324117155706721085e-03
3.321310959028107856e-03
3.318542016863955391e-03
3.315809664191374066e-03
3.313113250873049240e-03
3.310452141257198833e-03
3.307825713790059092e-03
3.305233360640454001e-03
3.302674487336019864e-03
3.300148512410669161e-03
3.297654867062900768e-03
3.295192994824573587e-03
3.292762351239776706e-03
3.290362403553450873e-03
3.287992630409415640e-03
3.285652521557483850e-03
3.283341577569349502e-03
3.281059309562948424e-03
3.278805238935002947e-03
3.276578897101478649e-03
3.274379825245675620e-03
3.272207574073711378e-03
3.270061703577134375e-03
3.267941782802440825e-03
3.265847389627263720e-03
3.263778110543005904e-03
3.261733540443719891e-03
3.259713282421014113e-03
3.257716947564802141e-03
3.255744154769694542e-03
3.253794530546859007e-03
3.251867708841169220e-03
3.249963330853470299e-03
3.248081044867801200e-03
3.246220506083417542e-03
3.244381376451454819e-03
3.242563324516096242e-03
3.240766025260093889e-03
