1.000000000000000056e-01
5.000000000000000000e-01
9.000000000000000222e-01
1.300000000000000266e+00
1.700000000000000178e+00
2.100000000000000089e+00
2.500000000000000444e+00
2.900000000000000355e+00
3.300000000000000266e+00
3.700000000000000178e+00
4.099999999999999645e+00
4.500000000000000000e+00
4.900000000000000355e+00
5.299999999999999822e+00
5.700000000000000178e+00
6.099999999999999645e+00
6.500000000000000000e+00
6.900000000000000355e+00
7.299999999999999822e+00
7.700000000000000178e+00
8.099999999999999645e+00
8.500000000000000000e+00
8.900000000000000355e+00
9.300000000000000711e+00
9.700000000000001066e+00
1.009999999999999964e+01
1.050000000000000000e+01
1.090000000000000036e+01
1.130000000000000071e+01
1.170000000000000107e+01
1.209999999999999964e+01
1.250000000000000000e+01
1.290000000000000036e+01
1.330000000000000071e+01
1.370000000000000107e+01
1.409999999999999964e+01
1.450000000000000000e+01
1.490000000000000036e+01
1.530000000000000071e+01
1.570000000000000107e+01
1.610000000000000142e+01
1.650000000000000355e+01
1.690000000000000213e+01
1.730000000000000071e+01
1.770000000000000284e+01
1.810000000000000142e+01
1.850000000000000355e+01
1.890000000000000213e+01
1.930000000000000426e+01
1.970000000000000284e+01
2.010000000000000142e+01
2.050000000000000355e+01
2.090000000000000213e+01
2.130000000000000426e+01
2.170000000000000284e+01
2.210000000000000142e+01
2.250000000000000355e+01
2.290000000000000213e+01
2.330000000000000426e+01
2.370000000000000284e+01
2.410000000000000142e+01
2.450000000000000355e+01
2.490000000000000213e+01
2.530000000000000426e+01
2.570000000000000284e+01
2.610000000000000142e+01
2.650000000000000355e+01
2.690000000000000213e+01
2.730000000000000426e+01
2.770000000000000284e+01
2.810000000000000142e+01
2.850000000000000355e+01
2.890000000000000213e+01
2.930000000000000426e+01
2.970000000000000284e+01
3.010000000000000142e+01
3.050000000000000355e+01
3.090000000000000213e+01
3.130000000000000426e+01
3.170000000000000284e+01
3.210000000000000142e+01
3.250000000000000000e+01
3.290000000000000568e+01
3.330000000000000426e+01
3.370000000000000284e+01
3.410000000000000142e+01
3.450000000000000000e+01
3.490000000000000568e+01
3.530000000000000426e+01
3.570000000000000284e+01
3.610000000000000142e+01
3.650000000000000000e+01
3.690000000000000568e+01
3.730000000000000426e+01
3.770000000000000284e+01
3.810000000000000142e+01
3.850000000000000711e+01
3.890000000000000568e+01
3.930000000000000426e+01
3.970000000000000284e+01
4.010000000000000142e+01
4.050000000000000711e+01
4.090000000000000568e+01
4.130000000000000426e+01
4.170000000000000284e+01
4.210000000000000142e+01
4.250000000000000711e+01
4.290000000000000568e+01
4.330000000000000426e+01
4.370000000000000284e+01
4.410000000000000142e+01
4.450000000000000711e+01
4.490000000000000568e+01
4.530000000000000426e+01
4.570000000000000284e+01
4.610000000000000142e+01
4.650000000000000711e+01
4.690000000000000568e+01
4.730000000000000426e+01
4.770000000000000284e+01
4.810000000000000142e+01
4.850000000000000711e+01
4.890000000000000568e+01
4.930000000000000426e+01
4.970000000000000284e+01
5.010000000000000142e+01
5.050000000000000711e+01
5.090000000000000568e+01
5.130000000000000426e+01
5.170000000000000284e+01
5.210000000000000142e+01
5.250000000000000711e+01
5.290000000000000568e+01
5.330000000000000426e+01
5.370000000000000284e+01
5.410000000000000142e+01
5.450000000000000711e+01
5.490000000000000568e+01
5.530000000000000426e+01
5.570000000000000284e+01
5.610000000000000142e+01
5.650000000000000711e+01
5.690000000000000568e+01
5.730000000000000426e+01
5.770000000000000284e+01
5.810000000000000142e+01
5.850000000000000711e+01
5.890000000000000568e+01
5.930000000000000426e+01
5.970000000000000284e+01
6.010000000000000142e+01
6.050000000000000711e+01
6.090000000000000568e+01
6.130000000000000426e+01
6.170000000000000284e+01
6.210000000000000142e+01
6.250000000000000711e+01
6.290000000000000568e+01
6.330000000000000426e+01
6.370000000000000284e+01
6.409999999999999432e+01
6.450000000000000000e+01
6.489999999999999147e+01
6.529999999999999716e+01
6.570000000000000284e+01
6.609999999999999432e+01
6.650000000000000000e+01
6.689999999999999147e+01
6.729999999999999716e+01
6.770000000000000284e+01
6.809999999999999432e+01
6.850000000000000000e+01
6.889999999999999147e+01
6.929999999999999716e+01
6.970000000000000284e+01
7.009999999999999432e+01
7.050000000000000000e+01
7.089999999999999147e+01
7.129999999999999716e+01
7.170000000000000284e+01
7.209999999999999432e+01
7.250000000000000000e+01
7.289999999999999147e+01
7.329999999999999716e+01
7.370000000000000284e+01
7.409999999999999432e+01
7.450000000000000000e+01
7.489999999999999147e+01
7.529999999999999716e+01
7.570000000000000284e+01
7.609999999999999432e+01
7.650000000000000000e+01
7.690000000000000568e+01
7.729999999999999716e+01
7.770000000000000284e+01
7.809999999999999432e+01
7.850000000000000000e+01
7.890000000000000568e+01
7.929999999999999716e+01
7.970000000000000284e+01
8.009999999999999432e+01
8.050000000000000000e+01
8.090000000000000568e+01
8.129999999999999716e+01
8.170000000000000284e+01
8.209999999999999432e+01
8.250000000000000000e+01
8.290000000000000568e+01
8.329999999999999716e+01
8.370000000000000284e+01
8.409999999999999432e+01
8.450000000000000000e+01
8.490000000000000568e+01
8.529999999999999716e+01
8.570000000000000284e+01
8.609999999999999432e+01
8.650000000000000000e+01
8.690000000000000568e+01
8.729999999999999716e+01
8.770000000000000284e+01
8.809999999999999432e+01
8.850000000000000000e+01
8.890000000000000568e+01
8.929999999999999716e+01
8.970000000000000284e+01
9.009999999999999432e+01
9.050000000000000000e+01
9.090000000000000568e+01
9.129999999999999716e+01
9.170000000000000284e+01
9.209999999999999432e+01
9.250000000000000000e+01
9.290000000000000568e+01
9.329999999999999716e+01
9.370000000000000284e+01
9.409999999999999432e+01
9.450000000000000000e+01
9.490000000000000568e+01
9.529999999999999716e+01
9.570000000000000284e+01
9.609999999999999432e+01
9.650000000000000000e+01
9.690000000000000568e+01
9.729999999999999716e+01
9.770000000000000284e+01
9.809999999999999432e+01
9.850000000000000000e+01
9.890000000000000568e+01
9.929999999999999716e+01
9.970000000000000284e+01
